         1        51         5         6        50        60
 1.652572     3.833295     1.894246     3.985064     2.015495     4.136006    
 2.136744     4.257256     2.257994     4.409023     2.379243     4.560791    
 2.561529     4.711733     2.621741     4.772771     2.682778     4.924538    
 2.742990     5.106000     2.712472     5.317980     2.652260     5.469748    
 2.500492     5.590997     2.440280     5.712246     2.409761     5.833495    
 2.348724     5.953919     2.228300     6.317667     2.167263     6.499953    
 2.228300     6.802665     2.197782     6.984126     2.136744     7.135893    
 2.076532     7.499640     2.107051     7.651409     2.228300     7.923601    
 2.288512     8.135581     2.319031     8.196617     2.288512     8.287349    
 2.257994     8.408597     2.197782     8.529847     2.136744     8.681615    
 2.076532     8.923288     2.076532     9.105575     2.136744     9.317554    
 2.167263     9.408285     2.319031     9.499016     2.409761     9.560053    
 2.531011     9.710996     2.500492     9.893282     2.500492     10.07474    
 2.561529     10.19599     2.561529     10.31724     2.621741     10.49953    
 2.742990     10.65047     3.045701     11.13547     3.197469     11.22620    
 3.197469     11.31693     3.197469     11.52973     3.197469     11.74171    
 3.227987     11.89266     3.258506     12.04443     3.288199     12.40817    
         2         2         1         6       999        50
 1.591535     12.43869     3.288199     12.40817    
         4         2         1         5        50       999
 1.591535     12.43869     1.652572     3.833295    
         5       317        12         7        60        70
 2.742990     7.121594e-01 2.954970     1.166637     3.016007     1.409136    
 3.045701     1.621941     3.106738     1.772884     3.318718     2.136631    
 3.470486     2.591110     3.561216     2.833609     3.561216     3.076107    
 3.530698     3.318605     3.530698     3.439854     3.530698     3.681528    
 3.591735     3.985064     3.682466     4.287774     3.682466     4.439542    
 3.621428     4.590485     3.712984     4.803289     3.682466     4.954233    
 3.591735     5.106000     3.439967     5.196731     3.349236     5.196731    
 3.076220     5.408711     2.985489     5.560479     2.864240     5.772459    
 2.773509     5.953919     2.591223     6.075169     2.500492     6.317667    
 2.469974     6.499953     2.469974     6.681415     2.440280     6.802665    
 2.440280     6.802665     2.319031     7.105374     2.288512     7.287661    
 2.409761     7.499640     2.469974     7.681103     2.469974     7.863389    
 2.531011     8.075369     2.561529     8.287349     2.561529     8.499329    
 2.591223     8.681615     2.621741     8.832558     2.591223     9.044538    
 2.561529     9.287036     2.652260     9.438804     2.712472     9.529534    
 2.803203     9.590571     2.864240     9.620265     2.924452     9.560053    
 2.954970     9.499016     2.954970     9.438804     2.924452     9.317554    
 2.894758     9.226823     2.894758     9.044538     2.833721     8.863076    
 2.894758     8.802038     2.894758     8.651096     2.833721     8.439116    
 2.894758     8.256830     2.833721     8.135581     2.833721     7.893083    
 2.803203     7.802352     2.803203     7.771832     2.864240     7.499640    
 2.924452     7.166411     2.985489     6.802665     3.045701     6.621203    
 3.016007     6.408399     3.137256     6.196419     3.288199     6.166725    
 3.349236     6.196419     3.349236     6.196419     3.318718     6.348186    
 3.318718     6.529647     3.288199     6.681415     3.258506     6.802665    
 3.288199     6.984126     3.288199     7.075681     3.349236     7.287661    
 3.500179     7.347873     3.591735     7.620891     3.561216     7.802352    
 3.561216     7.923601     3.530698     8.105887     3.500179     8.347561    
 3.530698     8.468810     3.742678     8.560365     3.833409     8.651096    
 3.894445     8.681615     4.106425     8.651096     4.197156     8.620578    
 4.258193     8.468810     4.227674     8.378078     4.167462     8.227137    
 3.985176     8.075369     3.985176     7.923601     3.924964     7.802352    
 3.954658     7.681103     4.015695     7.590371     4.106425     7.408911    
 4.136944     7.317354     4.258193     7.135893     4.318405     7.105374    
 4.409136     7.075681     4.621941     6.923913     4.621941     6.923913    
 4.833921     6.862877     5.015382     6.954432     5.076419     7.045163    
 5.106113     7.105374     5.136631     7.226624     5.257881     7.257143    
 5.348611     7.287661     5.439342     7.317354     5.439342     7.408911    
 5.439342     7.590371     5.469861     7.711621     5.530898     7.863389    
 5.530898     7.954119     5.560591     8.135581     5.621628     8.256830    
 5.652147     8.317867     5.742878     8.408597     5.893820     8.499329    
 5.985376     8.378078     5.985376     8.227137     5.954858     8.105887    
 5.954858     8.014332     5.954858     7.923601     5.954858     7.742139    
 5.954858     7.559853     6.015069     7.287661     6.045588     7.196931    
 6.166838     7.075681     6.348299     7.014645     6.500067     7.135893    
 6.621315     7.226624     6.712047     7.438604     6.802777     7.651409    
 6.863814     7.681103     6.924026     7.742139     6.985064     7.771832    
 7.106313     7.863389     7.227562     7.802352     7.348811     7.681103    
 7.348811     7.559853     7.439542     7.469123     7.378505     7.317354    
 7.227562     7.105374     7.045276     6.954432     6.985064     6.893394    
 6.985064     6.772145     7.015582     6.650897     7.166525     6.560165    
 7.530272     6.317667     7.651522     6.136206     7.772771     6.014956    
 7.832983     5.863189     7.772771     5.772459     7.651522     5.529960    
 7.742253     5.348499     7.832983     5.257768     8.015269     5.227249    
 8.227249     5.227249     8.408710     5.287461     8.560478     5.379017    
 8.681727     5.590997     8.772459     5.741940     8.772459     6.014956    
 8.681727     6.166725     8.500266     6.408399     8.500266     6.590685    
 8.408710     6.893394     8.348499     7.014645     8.348499     7.257143    
 8.348499     7.469123     8.348499     7.620891     8.317980     7.742139    
 8.257768     8.166099     8.166212     8.166099     8.045788     8.287349    
 7.924538     8.439116     7.591310     8.651096     7.530272     8.741827    
 7.470060     8.893595     7.409023     8.984325     7.348811     9.075056    
 7.409023     9.105575     7.439542     9.377767     7.348811     9.590571    
 7.227562     9.772033     7.257256     9.862763     7.318293     9.984013    
 7.560791     10.01453     7.742253     10.04505     7.832983     10.10526    
 7.924538     10.28672     7.863502     10.46901     7.894020     10.52922    
 7.832983     10.59026     8.015269     10.61995     8.196732     10.61995    
 8.408710     10.59026     8.590998     10.49953     8.741940     10.34776    
 8.833495     10.31724     9.014956     10.22651     9.075169     10.16547    
 9.075169     10.07474     9.166725     10.01453     9.378705     10.07474    
 9.560165     10.28672     9.711933     10.34776     10.10537     10.37828    
 10.49964     10.37828     10.77266     10.40797     10.92360     10.43849    
 11.07537     10.71151     11.16610     10.92349     11.25683     10.83276    
 11.28735     10.77172     11.34838     10.68099     11.37808     10.55974    
 11.43912     10.46901     11.49933     10.19599     11.59006     10.01453    
 11.62058     9.923800     11.62058     9.893282     11.65110     9.802551    
 11.74183     9.681302     11.83256     9.560053     11.98433     9.348073    
 12.19631     9.287036     12.34807     9.226823     12.40829     9.226823    
 12.68130     9.317554     12.86276     9.317554     13.13578     9.256517    
 13.37828     9.196305     13.49953     9.165787     13.71151     9.136093    
 13.83276     9.044538     14.07526     8.984325     14.37797     8.923288    
 14.55943     8.953807     14.55943     8.953807     14.80193     9.105575    
 14.89266     9.044538     15.04443     8.984325     15.13515     8.923288    
 15.31744     8.832558     15.34713     8.741827     15.49890     8.560365    
 15.58963     8.468810     15.71088     8.287349     15.86265     8.408597    
 16.10515     8.439116     16.25692     8.590058     16.43838     8.741827    
 16.59015     8.923288     16.61984     8.984325     16.61984     9.226823    
 16.77161     9.317554     16.89286     9.438804     16.98359     9.499016    
 17.16587     9.650784     17.31682     9.560053     17.49910     9.529534    
 17.71108     9.408285     17.83233     9.408285     17.89254     9.377767    
 17.95358     9.105575     18.13504     8.984325     18.19608     8.802038    
 18.10452     8.590058     18.01379     8.317867     18.01379     8.166099    
 18.13504     8.166099     18.31650     8.439116     18.37754     8.620578    
 18.40806     8.741827     18.43775     8.953807     18.40806     9.075056    
 18.40806     9.226823     18.37754     9.348073     18.34702     9.620265    
 18.31650     9.681302     18.31650     9.772033     18.28681     9.923800    
 18.40806     9.923800     18.52931     9.832245     18.58952     9.681302    
 18.62004     9.590571     18.55900     9.438804     18.55900     9.348073    
 18.58952     9.136093     18.55900     8.923288     18.62004     8.863076    
 18.77098     8.863076     18.95327     8.953807     19.04400     9.014843    
 19.07452     9.196305     19.25598     9.287036     19.34671     9.256517    
 19.58921     9.196305     19.71046     9.196305     19.71046     9.075056    
 19.77149     8.984325     19.83171     8.893595     19.92244     8.741827    
 19.92244     8.741827     19.89274     8.620578     19.83171     8.499329    
 19.89274     8.408597     20.07421     8.196617     20.22597     8.227137    
 20.46847     8.439116     20.68045     8.468810    
         6         2         5         4        60       999
 1.652572     3.833295     1.561017     8.944454e-01
         7         2         4        12        60       999
 1.561017     8.944454e-01 2.742990     7.121594e-01
         8         2         6         2       999        60
 3.288199     12.40817     20.61941     11.68068    
         9         2         2         7       999        60
 20.61941     11.68068     20.68045     8.468810    
        10       230        11         8        70        80
 3.439967     6.519470e-01 3.500179     9.249640e-01 3.591735     1.136944    
 3.682466     1.409136     3.682466     1.712672     3.712984     1.833921    
 3.833409     1.955170     3.803715     2.076419     3.833409     2.257881    
 3.833409     2.469861     3.863927     2.621628     3.863927     2.893820    
 3.833409     3.136319     3.803715     3.469548     3.803715     3.651834    
 3.803715     3.742565     3.863927     3.924026     3.894445     4.075794    
 3.924964     4.257256     3.924964     4.378505     3.894445     4.469235    
 3.924964     4.621003     3.954658     4.832983     3.924964     5.044963    
 3.833409     5.257768     3.773196     5.439229     3.833409     5.590997    
 3.863927     5.893707     3.773196     6.166725     3.742678     6.469435    
 3.773196     6.560165     3.924964     6.711933     4.106425     6.742452    
 4.287887     6.772145     4.348924     6.681415     4.530385     6.590685    
 4.651635     6.590685     4.772884     6.529647     4.894133     6.560165    
 5.045901     6.621203     5.136631     6.590685     5.167150     6.469435    
 5.227362     6.378705     5.288399     6.226936     5.348611     6.136206    
 5.469861     6.105687     5.621628     6.166725     5.681840     6.287973    
 5.772571     6.378705     5.833609     6.469435     5.954858     6.438916    
 6.136319     6.469435     6.257568     6.438916     6.288086     6.378705    
 6.469548     6.287973     6.561104     6.317667     6.712047     6.257455    
 6.833295     6.166725     6.924026     6.075169     6.924026     5.924226    
 6.833295     5.924226     6.802777     5.802977     6.621315     5.802977    
 6.530585     5.772459     6.409336     5.772459     6.257568     5.772459    
 6.015069     5.651209     5.803090     5.499441     5.712359     5.439229    
 5.560591     5.348499     5.469861     5.227249     5.469861     5.015269    
 5.560591     4.894020     5.712359     4.832983     5.893820     4.863502    
 5.954858     5.044963     5.985376     5.106000     6.106625     5.166213    
 6.197356     5.136519     6.227049     5.075481     6.257568     4.984751    
 6.318605     4.803289     6.288086     4.682040     6.288086     4.560791    
 6.318605     4.409023     6.378818     4.257256     6.561104     4.166525    
 6.802777     4.136006     6.894333     4.197043     7.045276     4.257256    
 7.197043     4.257256     7.378505     4.166525     7.439542     4.075794    
 7.499754     3.954545     7.591310     3.894333     7.682040     3.833295    
 7.924538     3.802777     8.015269     3.742565     8.136518     3.590797    
 8.287461     3.469548     8.317980     3.288086     8.348499     3.166838    
 8.317980     2.954858     8.379017     2.893820     8.529960     2.864127    
 8.651209     2.833609     8.741940     2.954858     8.712246     2.985376    
 8.712246     3.076107     8.651209     3.197356     8.590998     3.288086    
 8.500266     3.409336     8.408710     3.590797     8.348499     3.681528    
 8.257768     3.833295     8.287461     3.985064     8.348499     4.014757    
 8.439229     4.045276     8.500266     4.014757     8.620691     3.924026    
 8.772459     3.833295     8.984438     3.894333     9.166725     3.894333    
 9.196419     4.014757     9.226936     4.136006     9.226936     4.257256    
 9.317667     4.378505     9.348186     4.530272     9.378705     4.772771    
 9.438916     5.044963     9.438916     5.348499     9.409223     5.439229    
 9.409223     5.620691     9.530472     5.772459     9.711933     5.953919    
 9.984951     6.105687     10.13589     6.075169     10.25714     6.136206    
 10.37839     6.317667     10.53016     6.469435     10.59037     6.529647    
 10.62089     6.621203     10.71162     6.772145     10.86339     6.862877    
 11.10589     6.833183     11.16610     6.650897     11.16610     6.590685    
 11.19662     6.408399     11.10589     6.196419     11.16610     6.075169    
 11.37808     6.105687     11.46964     6.166725     11.59006     6.105687    
 11.56036     6.045475     11.59006     5.953919     11.59006     5.802977    
 11.62058     5.651209     11.59006     5.499441     11.59006     5.379017    
 11.77235     5.166213     11.92411     4.984751     12.07506     5.044963    
 12.25734     5.227249     12.28704     5.317980     12.40829     5.379017    
 12.56005     5.348499     12.56005     5.348499     12.74151     5.317980    
 13.04505     5.348499     13.22651     5.379017     13.28755     5.590997    
 13.31724     5.681727     13.28755     5.863189     13.37828     6.014956    
 13.55974     6.136206     13.68099     6.196419     13.80224     6.257455    
 13.83276     6.226936     13.86328     6.105687     13.92349     6.014956    
 13.98370     5.893707     14.04474     5.833495     14.07526     5.712246    
 13.98370     5.499441     14.01422     5.408711     14.07526     5.348499    
 14.19650     5.136519     14.25672     5.136519     14.40849     5.075481    
 14.46870     4.954233     14.55943     4.803289     14.40849     4.742253    
 14.28724     4.711733     14.19650     4.621003     14.04474     4.499754    
 13.92349     4.409023     13.92349     4.287774     14.10495     4.106313    
 14.34745     4.227562     14.40849     4.348811     14.65098     4.530272    
 14.83245     4.560791     15.37765     4.742253     15.37765     4.742253    
 15.74140     4.803289     15.89317     4.682040     16.19588     4.772771    
 16.43838     4.772771     16.55963     4.924538     16.65036     4.954233    
 16.86234     4.894020     16.86234     4.894020     16.92337     4.924538    
 17.10484     4.863502     17.19557     4.772771     17.34733     4.742253    
 17.65005     4.711733     17.83233     4.772771     18.01379     4.803289    
 18.13504     4.803289     18.25629     4.772771     18.43775     4.621003    
 18.55900     4.590485     19.10504     4.439542     19.46796     4.318293    
 19.65025     4.378505     19.89274     4.469235     20.16494     4.651522    
 20.46847     4.682040     20.68045     4.651522    
        11         2        12        11        70       999
 2.742990     7.121594e-01 3.439967     6.519470e-01
        12         2         8         7        70       999
 20.68045     4.651522     20.68045     8.468810    
        13        59        10         9        80        90
 4.318405     6.214285e-01 4.348924     1.046213     4.287887     1.500692    
 4.318405     1.924652     4.318405     2.318093     4.287887     2.500379    
 4.227674     2.803090     4.167462     3.045588     4.227674     3.378818    
 4.227674     3.590797     4.258193     3.863814     4.197156     4.106313    
 4.197156     4.287774     4.227674     4.439542     4.197156     4.651522    
 4.136944     4.954233     4.075907     5.106000     4.075907     5.227249    
 4.136944     5.348499     4.197156     5.469748     4.348924     5.651209    
 4.348924     5.681727     4.409136     5.833495     4.439655     5.984438    
 4.500692     6.045475     4.560904     5.802977     4.500692     5.590997    
 4.500692     5.469748     4.530385     5.317980     4.591422     5.136519    
 4.682153     4.984751     4.772884     4.803289     4.924652     4.742253    
 5.015382     4.682040     5.136631     4.560791     5.197669     4.469235    
 5.227362     4.409023     5.106113     4.257256     5.015382     4.227562    
 4.955170     4.045276     4.894133     3.924026     4.803402     3.802777    
 4.682153     3.560279     4.621941     3.348299     4.651635     3.227049    
 4.651635     3.136319     4.651635     2.954858     4.712672     2.742878    
 4.742365     2.681840     4.803402     2.348611     4.833921     2.196844    
 4.894133     1.984864     4.955170     1.742365     5.076419     1.591422    
 5.106113     1.409136     5.136631     1.136944     5.167150     1.015695    
 5.257881     8.944454e-01 5.288399     6.214285e-01
        14         2        11        10        80       999
 3.439967     6.519470e-01 4.318405     6.214285e-01
        15         2        10         9        90       999
 4.318405     6.214285e-01 5.288399     6.214285e-01
        16         2         9         3        80       999
 5.288399     6.214285e-01 20.61941     1.372564e-01
        17         2         3         8        80       999
 20.61941     1.372564e-01 20.68045     4.651522    
        19        26        13        13        70        60
 3.500179     10.25703     3.712984     10.28672     3.773196     10.37828    
 3.803715     10.46901     3.833409     10.59026     3.863927     10.77172    
 3.894445     10.92349     3.985176     11.07443     4.106425     11.19568    
 4.227674     11.46870     4.227674     11.58995     4.167462     11.62047    
 4.046213     11.55943     3.924964     11.40849     3.894445     11.28724    
 3.833409     11.22620     3.773196     11.16599     3.742678     10.98370    
 3.651947     10.92349     3.591735     10.80224     3.591735     10.68099    
 3.561216     10.61995     3.500179     10.49953     3.409449     10.43849    
 3.378930     10.34776     3.500179     10.25703    
        20        10        14        14        70        60
 3.288199     9.196305     3.500179     9.226823     3.500179     9.287036    
 3.621428     9.438804     3.621428     9.650784     3.439967     9.650784    
 3.439967     9.620265     3.349236     9.560053     3.288199     9.438804    
 3.288199     9.196305    
        22         9        15        15        70        60
 3.166950     7.469123     3.318718     7.559853     3.409449     7.742139    
 3.409449     7.954119     3.349236     8.044850     3.137256     7.984637    
 3.137256     7.771832     3.076220     7.651409     3.166950     7.469123    
        25        23        16        16        70        60
 6.621315     8.923288     6.742565     8.832558     6.833295     8.772346    
 6.924026     8.832558     6.924026     8.984325     6.894333     9.105575    
 6.863814     9.226823     6.773084     9.529534     6.773084     9.710996    
 6.742565     9.772033     6.712047     9.832245     6.590797     9.953494    
 6.409336     9.923800     6.288086     9.862763     6.166838     9.650784    
 6.106625     9.438804     6.136319     9.408285     6.166838     9.348073    
 6.257568     9.287036     6.288086     9.196305     6.318605     9.136093    
 6.439854     9.044538     6.621315     8.923288    
        26        27        17        17        70        60
 7.984751     6.438916     8.075481     6.560165     8.106000     6.621203    
 8.106000     6.802665     8.075481     6.862877     8.045788     6.954432    
 8.015269     7.045163     7.984751     7.135893     7.954233     7.317354    
 7.954233     7.378391     7.954233     7.438604     7.894020     7.559853    
 7.894020     7.711621     7.832983     7.742139     7.772771     7.742139    
 7.682040     7.620891     7.682040     7.559853     7.711733     7.469123    
 7.772771     7.378391     7.803289     7.226624     7.832983     7.135893    
 7.772771     7.045163     7.803289     6.862877     7.803289     6.802665    
 7.803289     6.621203     7.832983     6.529647     7.984751     6.438916    
        27        47        18        18        50        60
 4.500692     10.68099     4.530385     10.40797     4.591422     10.31724    
 4.803402     10.07474     4.924652     10.01453     5.136631     9.802551    
 5.197669     9.529534     5.257881     9.348073     5.379130     9.226823    
 5.591110     9.226823     5.652147     9.469322     5.621628     9.529534    
 5.469861     9.772033     5.469861     9.953494     5.379130     10.10526    
 5.288399     10.19599     5.257881     10.34776     5.257881     10.46901    
 5.227362     10.52922     5.288399     10.61995     5.409648     10.61995    
 5.500379     10.61995     5.500379     10.71151     5.409648     10.86245    
 5.348611     11.01422     5.257881     11.10495     5.106113     11.19568    
 4.955170     11.28724     4.863615     11.43818     4.833921     11.68068    
 4.772884     11.80193     4.682153     11.92317     4.591422     11.71119    
 4.591422     11.62047     4.712672     11.40849     4.651635     11.31693    
 4.530385     11.13547     4.379442     10.98370     4.258193     10.83276    
 4.197156     10.68099     4.167462     10.43849     4.227674     10.31724    
 4.287887     10.28672     4.379442     10.34776     4.318405     10.43849    
 4.318405     10.59026     4.500692     10.68099    
        28        13        19        19        60        70
 7.045276     4.621003     7.287774     4.682040     7.439542     4.863502    
 7.499754     5.136519     7.409023     5.287461     7.227562     5.408711    
 7.015582     5.257768     6.863814     5.075481     6.742565     4.924538    
 6.651834     4.772771     6.773084     4.590485     6.894333     4.530272    
 7.045276     4.621003    
        29        12        20        20        60        70
 8.802977     8.711308     9.014956     8.802038     9.105687     8.984325    
 9.045475     9.105575     8.954744     9.136093     8.863189     9.136093    
 8.712246     9.136093     8.590998     9.014843     8.560478     8.984325    
 8.620691     8.863076     8.651209     8.772346     8.802977     8.711308    
        30        11        21        21        80        70
 12.49902     6.469435     12.40829     6.621203     12.25734     6.621203    
 12.01484     6.560165     11.89359     6.590685     11.80286     6.499953    
 11.80286     6.317667     11.98433     6.196419     12.16579     6.105687    
 12.34807     6.166725     12.49902     6.469435    
        31        13        22        22        70        80
 12.22682     4.348811     12.37859     4.227562     12.65078     4.166525    
 12.83307     4.136006     13.04505     4.318293     13.16630     4.409023    
 13.16630     4.530272     13.07474     4.651522     12.92380     4.682040    
 12.71182     4.711733     12.49902     4.651522     12.31755     4.530272    
 12.22682     4.348811    
        32        36        23        23        60        70
 16.28661     6.226936     16.52911     6.438916     16.86234     6.772145    
 17.04462     6.893394     17.13536     7.287661     17.43806     7.438604    
 17.55931     7.590371     17.62035     7.802352     17.62035     8.044850    
 17.62035     8.256830     17.65005     8.439116     17.58983     8.529847    
 17.46858     8.620578     17.40755     8.681615     17.28630     8.711308    
 17.16587     8.772346     17.04462     8.741827     16.95307     8.681615    
 16.83182     8.529847     16.89286     8.439116     16.77161     8.347561    
 16.52911     8.256830     16.52911     8.227137     16.40786     8.075369    
 16.59015     7.984637     16.74109     7.923601     16.83182     7.651409    
 16.65036     7.499640     16.68088     7.317354     16.68088     7.166411    
 16.61984     6.984126     16.52911     6.923913     16.46890     6.772145    
 16.37734     6.590685     16.25692     6.529647     16.28661     6.226936    
        33        12        24        24        80        70
 17.31682     5.408711     17.55931     5.196731     17.80181     5.196731    
 17.98327     5.408711     18.07483     5.529960     18.10452     5.712246    
 17.98327     5.772459     17.80181     5.772459     17.68056     5.802977    
 17.46858     5.772459     17.37785     5.712246     17.31682     5.408711    
-999999999        -1-999999999-999999999-999999999-999999999
