     10002         3     10019     10024        33        23
 1.936882E+01 9.358429E+00 1.925912E+01 9.485001E+00 1.903009E+01 1.027324E+01
     11002        37     10019     10024        23         0
 1.936882E+01 9.358429E+00 1.947969E+01 9.712265E+00 1.954253E+01 9.752655E+00
 1.957957E+01 9.691528E+00 1.957600E+01 9.769440E+00 1.966135E+01 9.776733E+00
 1.967697E+01 9.870895E+00 1.973695E+01 9.838074E+00 1.979160E+01 1.013594E+01
 1.985008E+01 1.006813E+01 1.981314E+01 1.003653E+01 1.990819E+01 1.002896E+01
 1.991167E+01 1.013457E+01 1.993524E+01 1.010486E+01 1.998344E+01 1.016571E+01
 2.004128E+01 1.010028E+01 2.008548E+01 1.022041E+01 2.026256E+01 1.030115E+01
 2.030583E+01 1.040549E+01 2.024788E+01 1.040544E+01 2.023906E+01 1.051602E+01
 2.011787E+01 1.054773E+01 2.008556E+01 1.068729E+01 1.996413E+01 1.070007E+01
 1.981754E+01 1.124509E+01 1.965204E+01 1.135548E+01 1.946306E+01 1.122974E+01
 1.939587E+01 1.132101E+01 1.933849E+01 1.131270E+01 1.920245E+01 1.094350E+01
 1.916917E+01 1.070575E+01 1.920515E+01 1.057787E+01 1.911404E+01 1.038867E+01
 1.915146E+01 1.034349E+01 1.910262E+01 1.034474E+01 1.910635E+01 1.027025E+01
 1.903009E+01 1.027324E+01
     20004         3     10024     20019        33         0
 1.903009E+01 1.027324E+01 1.893053E+01 1.021866E+01 1.893150E+01 1.011787E+01
     30004         5     20011     20019        50        33
 1.886299E+01 9.075104E+00 1.881221E+01 9.440552E+00 1.885143E+01 9.772186E+00
 1.895776E+01 9.897430E+00 1.893150E+01 1.011787E+01
     30006         2     20011     30015        25        50
 1.886299E+01 9.075104E+00 1.861058E+01 9.021301E+00
     40007         2     20019     30023        50         0
 1.893150E+01 1.011787E+01 1.836914E+01 9.981842E+00
     50001         2     20026     10019        33         0
 1.936137E+01 9.252670E+00 1.936882E+01 9.358429E+00
     50003         3     20026     20011        25        33
 1.936137E+01 9.252670E+00 1.923148E+01 9.148300E+00 1.886299E+01 9.075104E+00
     60007         5     30015     30023        36        50
 1.861058E+01 9.021301E+00 1.854112E+01 9.366379E+00 1.848647E+01 9.369476E+00
 1.843091E+01 9.574051E+00 1.836914E+01 9.981842E+00
     70015        14     30023     70081        36         0
 1.836914E+01 9.981842E+00 1.792683E+01 9.889404E+00 1.779610E+01 9.789948E+00
 1.752554E+01 9.405945E+00 1.756209E+01 9.347336E+00 1.760060E+01 9.378983E+00
 1.756714E+01 9.302994E+00 1.761354E+01 9.179764E+00 1.748419E+01 9.050568E+00
 1.723041E+01 8.956970E+00 1.704625E+01 8.989975E+00 1.676268E+01 8.901596E+00
 1.684282E+01 8.686813E+00 1.659380E+01 8.424896E+00
     80006         2     40011     30015        36        25
 1.860771E+01 8.711121E+00 1.861058E+01 9.021301E+00
     90005        12     40030     20026        25         0
 1.941693E+01 8.672592E+00 1.952550E+01 8.791245E+00 1.955736E+01 8.710403E+00
 1.977483E+01 8.810455E+00 1.968637E+01 8.972458E+00 1.963475E+01 8.956512E+00
 1.972519E+01 8.866837E+00 1.961848E+01 8.811539E+00 1.946562E+01 8.984085E+00
 1.936227E+01 8.992569E+00 1.943430E+01 9.153427E+00 1.936137E+01 9.252670E+00
     90010         3     40030     40035        44        25
 1.941693E+01 8.672592E+00 1.927666E+01 8.858154E+00 1.915199E+01 8.819305E+00
    100008         2     40035     40011         9        25
 1.915199E+01 8.819305E+00 1.860771E+01 8.711121E+00
    110011         4     40043     40043        25         0
 1.964064E+01 8.646271E+00 1.958015E+01 8.682999E+00 1.952850E+01 8.603073E+00
 1.964064E+01 8.646271E+00
    120012         4     40047     40047        25         0
 1.981525E+01 8.646698E+00 1.977792E+01 8.693085E+00 1.973064E+01 8.633575E+00
 1.981525E+01 8.646698E+00
    130010         2     50004     40035         9        44
 1.920404E+01 8.531281E+00 1.915199E+01 8.819305E+00
    130009         5     50004     40030        44         0
 1.920404E+01 8.531281E+00 1.931706E+01 8.573685E+00 1.931647E+01 8.698273E+00
 1.935898E+01 8.610886E+00 1.941693E+01 8.672592E+00
    140013         3     60007     50004         9         0
 1.865079E+01 8.258118E+00 1.885675E+01 8.428391E+00 1.920404E+01 8.531281E+00
    140008         4     60007     40011        36         9
 1.865079E+01 8.258118E+00 1.862651E+01 8.293716E+00 1.868785E+01 8.356506E+00
 1.860771E+01 8.711121E+00
    150025         2     70081     90108        42         0
 1.659380E+01 8.424896E+00 1.636771E+01 8.260147E+00
    170014         3     70124     60007        36         0
 1.858298E+01 8.189163E+00 1.862459E+01 8.158340E+00 1.865079E+01 8.258118E+00
    160016        12     70120     70120        36         0
 1.858510E+01 8.047714E+00 1.898880E+01 8.242233E+00 1.885147E+01 8.121231E+00
 1.922125E+01 8.410507E+00 1.907982E+01 8.357758E+00 1.904135E+01 8.270218E+00
 1.899295E+01 8.296402E+00 1.907576E+01 8.417007E+00 1.898663E+01 8.320236E+00
 1.871912E+01 8.234375E+00 1.859793E+01 8.133957E+00 1.858510E+01 8.047714E+00
    170021         3     70124     70143        34        36
 1.858298E+01 8.189163E+00 1.858020E+01 8.230255E+00 1.827977E+01 8.332840E+00
    190017         2     70129     70124        34         0
 1.854666E+01 8.075439E+00 1.858298E+01 8.189163E+00
    200019         2     70131     70129        36         0
 1.850487E+01 7.984558E+00 1.854666E+01 8.075439E+00
    201019         2     70131     70129        34        36
 1.850487E+01 7.984558E+00 1.854666E+01 8.075439E+00
    210015         5     70143     70081        42        36
 1.827977E+01 8.332840E+00 1.818007E+01 8.371658E+00 1.802232E+01 8.564484E+00
 1.661313E+01 8.312317E+00 1.659380E+01 8.424896E+00
    220026         2     80022     90141        10        42
 1.819489E+01 7.614883E+00 1.807375E+01 7.557983E+00
    220021         5     80022     70143        42        34
 1.819489E+01 7.614883E+00 1.838760E+01 7.809128E+00 1.819148E+01 7.978073E+00
 1.818622E+01 8.149841E+00 1.827977E+01 8.332840E+00
    230020        10     80053     70131        34         0
 1.817117E+01 7.552780E+00 1.821175E+01 7.447830E+00 1.842796E+01 7.366562E+00
 1.842021E+01 7.276093E+00 1.845988E+01 7.286407E+00 1.861046E+01 7.657944E+00
 1.860744E+01 7.804443E+00 1.863664E+01 7.701218E+00 1.861707E+01 7.967850E+00
 1.850487E+01 7.984558E+00
    230022         2     80053     80022        10        34
 1.817117E+01 7.552780E+00 1.819489E+01 7.614883E+00
    240025         2     90100     90108        39        42
 1.645726E+01 7.686844E+00 1.636771E+01 8.260147E+00
    250065         8     90108    230163        39         0
 1.636771E+01 8.260147E+00 1.612083E+01 8.131882E+00 1.602840E+01 8.014832E+00
 1.577739E+01 7.924255E+00 1.562102E+01 7.920517E+00 1.568337E+01 7.984268E+00
 1.542804E+01 8.002777E+00 1.543872E+01 8.039963E+00
    260027         2     90141     90156        24        42
 1.807375E+01 7.557983E+00 1.685556E+01 7.337463E+00
    270024         3     90156     90100        54        42
 1.685556E+01 7.337463E+00 1.651797E+01 7.284958E+00 1.645726E+01 7.686844E+00
    280023         6    100008     80053        10         0
 1.843297E+01 7.057510E+00 1.836723E+01 7.097321E+00 1.839702E+01 7.190460E+00
 1.831241E+01 7.229767E+00 1.816585E+01 7.456085E+00 1.817117E+01 7.552780E+00
    280026         3    100008     90141        24        10
 1.843297E+01 7.057510E+00 1.821870E+01 7.017425E+00 1.807375E+01 7.557983E+00
    290027         7    110016     90156        54        24
 1.747511E+01 7.264847E+00 1.740787E+01 7.379120E+00 1.728969E+01 7.390961E+00
 1.719986E+01 7.300140E+00 1.710034E+01 7.336029E+00 1.689375E+01 7.113876E+00
 1.685556E+01 7.337463E+00
    300031         2    110050    110051        51        24
 1.841660E+01 6.865616E+00 1.839680E+01 6.862351E+00
    300028         2    110050    100008        24         0
 1.841660E+01 6.865616E+00 1.843297E+01 7.057510E+00
    310030         3    110051    110050        51         0
 1.839680E+01 6.862351E+00 1.838438E+01 6.777420E+00 1.841660E+01 6.865616E+00
    320033         2    110052    110054        51        24
 1.836807E+01 6.852905E+00 1.827940E+01 6.807510E+00
    320031         3    110052    110051        24         0
 1.836807E+01 6.852905E+00 1.839677E+01 6.952728E+00 1.839680E+01 6.862351E+00
    330032         4    110054    110052        51         0
 1.827940E+01 6.807510E+00 1.821082E+01 6.554901E+00 1.824998E+01 6.423431E+00
 1.836807E+01 6.852905E+00
    340033        24    110068    110054        24         0
 1.776274E+01 6.893906E+00 1.803775E+01 6.797363E+00 1.800113E+01 6.896454E+00
 1.788844E+01 6.952011E+00 1.799352E+01 6.926819E+00 1.789951E+01 7.090439E+00
 1.792035E+01 7.244339E+00 1.784451E+01 7.304306E+00 1.790732E+01 7.292679E+00
 1.803189E+01 7.483215E+00 1.806786E+01 7.436096E+00 1.796945E+01 7.282028E+00
 1.802313E+01 7.268555E+00 1.802797E+01 7.123840E+00 1.797861E+01 7.100418E+00
 1.805357E+01 7.106216E+00 1.808719E+01 7.043899E+00 1.801369E+01 7.048126E+00
 1.805118E+01 7.015549E+00 1.801620E+01 6.969208E+00 1.811185E+01 6.895264E+00
 1.816159E+01 6.947708E+00 1.821034E+01 6.773712E+00 1.827940E+01 6.807510E+00
    340035         4    110068    110073        51        24
 1.776274E+01 6.893906E+00 1.770203E+01 6.858612E+00 1.767197E+01 6.900314E+00
 1.773611E+01 7.078781E+00
    350036         3    110073    110075        11        24
 1.773611E+01 7.078781E+00 1.777029E+01 7.127701E+00 1.769756E+01 7.132446E+00
    360035         2    110075    110073        11        51
 1.769756E+01 7.132446E+00 1.773611E+01 7.078781E+00
    360029         2    110075    110016        51        24
 1.769756E+01 7.132446E+00 1.747511E+01 7.264847E+00
    370038         3    130151    130157        21        51
 1.563797E+01 5.781158E+00 1.581251E+01 5.869049E+00 1.616428E+01 6.265381E+00
    380043         3    130157    140912        21        54
 1.616428E+01 6.265381E+00 1.596537E+01 6.410095E+00 1.590921E+01 6.626755E+00
    380029        14    130157    110016        54        51
 1.616428E+01 6.265381E+00 1.619565E+01 6.177154E+00 1.628600E+01 6.132324E+00
 1.668918E+01 6.287140E+00 1.675996E+01 6.379990E+00 1.672485E+01 6.414246E+00
 1.687698E+01 6.830093E+00 1.701854E+01 6.791397E+00 1.706630E+01 6.958878E+00
 1.713243E+01 6.954697E+00 1.725247E+01 7.154388E+00 1.725693E+01 7.285324E+00
 1.744463E+01 7.178802E+00 1.747511E+01 7.264847E+00
    390034        21    130218    110068        51         0
 1.832578E+01 6.181351E+00 1.825096E+01 6.325623E+00 1.808746E+01 6.280853E+00
 1.799298E+01 6.391113E+00 1.788493E+01 6.402985E+00 1.792079E+01 6.442261E+00
 1.809691E+01 6.324814E+00 1.814030E+01 6.353210E+00 1.792236E+01 6.525253E+00
 1.808313E+01 6.447327E+00 1.805687E+01 6.513748E+00 1.811337E+01 6.482193E+00
 1.812039E+01 6.524170E+00 1.803752E+01 6.561172E+00 1.808850E+01 6.587143E+00
 1.800020E+01 6.591324E+00 1.783525E+01 6.749008E+00 1.806422E+01 6.611786E+00
 1.808627E+01 6.729630E+00 1.781787E+01 6.821991E+00 1.776274E+01 6.893906E+00
    390040         2    130218    130219        37        51
 1.832578E+01 6.181351E+00 1.831512E+01 6.179504E+00
    400039         3    130219    130218        37         0
 1.831512E+01 6.179504E+00 1.849799E+01 5.875107E+00 1.832578E+01 6.181351E+00
    480041         2    151545    130221        37        51
 1.830292E+01 6.176315E+00 1.827647E+01 6.172684E+00
    410048         2    130221    151545        37         0
 1.827647E+01 6.172684E+00 1.830292E+01 6.176315E+00
    470042         2    151496    130248        37        51
 1.826497E+01 6.165787E+00 1.632990E+01 5.865967E+00
    420037         2    130248    130151        47        51
 1.632990E+01 5.865967E+00 1.563797E+01 5.781158E+00
    480040         3    151545    130219        51         0
 1.830292E+01 6.176315E+00 1.828511E+01 6.218094E+00 1.831512E+01 6.179504E+00
    470041         2    151496    130221        51         0
 1.826497E+01 6.165787E+00 1.827647E+01 6.172684E+00
    430024        10    140912     90100        39        54
 1.590921E+01 6.626755E+00 1.602466E+01 6.724365E+00 1.604076E+01 6.898193E+00
 1.610037E+01 6.856278E+00 1.614655E+01 6.887177E+00 1.615506E+01 7.035660E+00
 1.640152E+01 7.228897E+00 1.644827E+01 7.537415E+00 1.640950E+01 7.653076E+00
 1.645726E+01 7.686844E+00
    460044         2    150224    151389        13        37
 1.590797E+01 5.099976E+00 1.548022E+01 5.051575E+00
    440042        10    151389    130248        47        37
 1.548022E+01 5.051575E+00 1.548005E+01 5.159973E+00 1.556885E+01 5.193710E+00
 1.562330E+01 5.305039E+00 1.590500E+01 5.452072E+00 1.600847E+01 5.591156E+00
 1.605341E+01 5.550797E+00 1.622998E+01 5.650467E+00 1.632138E+01 5.753448E+00
 1.632990E+01 5.865967E+00
    450047        44    150201    151496        37         0
 1.759598E+01 4.847839E+00 1.777582E+01 4.889481E+00 1.779950E+01 4.977127E+00
 1.782405E+01 4.927139E+00 1.785208E+01 5.079147E+00 1.797417E+01 5.203384E+00
 1.793025E+01 5.301849E+00 1.799059E+01 5.223297E+00 1.802563E+01 5.326706E+00
 1.806152E+01 5.292526E+00 1.818988E+01 5.370682E+00 1.824136E+01 5.343216E+00
 1.830791E+01 5.438690E+00 1.824803E+01 5.498108E+00 1.822391E+01 5.429535E+00
 1.815007E+01 5.410690E+00 1.802257E+01 5.468567E+00 1.813904E+01 5.438400E+00
 1.821916E+01 5.573044E+00 1.801389E+01 5.650757E+00 1.816336E+01 5.629227E+00
 1.813379E+01 5.694778E+00 1.819633E+01 5.715408E+00 1.819722E+01 5.632828E+00
 1.833148E+01 5.634262E+00 1.844955E+01 5.779694E+00 1.838120E+01 5.929047E+00
 1.834309E+01 5.780304E+00 1.830023E+01 5.793808E+00 1.833627E+01 5.798263E+00
 1.831454E+01 5.917740E+00 1.807854E+01 5.853394E+00 1.803792E+01 6.029922E+00
 1.809363E+01 5.907104E+00 1.816704E+01 5.915939E+00 1.817876E+01 5.978836E+00
 1.823749E+01 5.961365E+00 1.821638E+01 6.000488E+00 1.828983E+01 5.990585E+00
 1.824384E+01 6.051071E+00 1.833096E+01 6.007660E+00 1.831209E+01 6.065170E+00
 1.838390E+01 5.981827E+00 1.826497E+01 6.165787E+00
    450046         6    150201    150224        45        37
 1.759598E+01 4.847839E+00 1.713394E+01 5.187271E+00 1.674161E+01 5.134140E+00
 1.663353E+01 5.272278E+00 1.614693E+01 5.226623E+00 1.590797E+01 5.099976E+00
    490045        11    160091    150201        45         0
 1.687811E+01 3.920105E+00 1.694539E+01 4.010086E+00 1.687846E+01 4.100082E+00
 1.695642E+01 4.048111E+00 1.697757E+01 4.140122E+00 1.717491E+01 4.232437E+00
 1.718384E+01 4.314911E+00 1.721931E+01 4.295670E+00 1.741293E+01 4.500794E+00
 1.737498E+01 4.586334E+00 1.759598E+01 4.847839E+00
    490046         7    160091    150224        13        45
 1.687811E+01 3.920105E+00 1.677470E+01 3.956909E+00 1.659419E+01 4.313980E+00
 1.615894E+01 4.673294E+00 1.601952E+01 4.879517E+00 1.583226E+01 4.961990E+00
 1.590797E+01 5.099976E+00
    500051         5    170259    170285         1        13
 1.541208E+01 3.276596E+00 1.532598E+01 3.651733E+00 1.539773E+01 3.832947E+00
 1.526420E+01 4.084763E+00 1.502351E+01 4.998856E+00
    510044         2    170285    151389        47        13
 1.502351E+01 4.998856E+00 1.548022E+01 5.051575E+00
    520049         9    170328    160091        13         0
 1.671576E+01 3.309982E+00 1.675027E+01 3.479996E+00 1.672847E+01 3.451584E+00
 1.669229E+01 3.511566E+00 1.673201E+01 3.496246E+00 1.671935E+01 3.579559E+00
 1.681384E+01 3.725235E+00 1.678372E+01 3.771027E+00 1.687811E+01 3.920105E+00
    520050         7    170328    170259        12        13
 1.671576E+01 3.309982E+00 1.653943E+01 3.321838E+00 1.655228E+01 3.130402E+00
 1.651012E+01 3.122788E+00 1.647810E+01 3.209045E+00 1.547957E+01 3.160202E+00
 1.541208E+01 3.276596E+00
    530050         5    180757    170259         1        12
 1.452125E+01 2.929611E+00 1.453206E+01 3.044357E+00 1.444019E+01 3.128830E+00
 1.444316E+01 3.194870E+00 1.541208E+01 3.276596E+00
    530052        43    180757    170328        12         0
 1.452125E+01 2.929611E+00 1.460882E+01 2.959122E+00 1.461603E+01 3.026245E+00
 1.470072E+01 2.984940E+00 1.462621E+01 2.934067E+00 1.497685E+01 3.022507E+00
 1.501340E+01 2.987213E+00 1.487717E+01 2.975891E+00 1.517125E+01 2.879730E+00
 1.512353E+01 2.929474E+00 1.516500E+01 2.952789E+00 1.534512E+01 2.761597E+00
 1.533612E+01 2.704468E+00 1.529873E+01 2.766876E+00 1.533065E+01 2.691086E+00
 1.570393E+01 2.826858E+00 1.573017E+01 2.922424E+00 1.595592E+01 2.870056E+00
 1.641833E+01 2.462067E+00 1.638458E+01 2.022965E+00 1.647177E+01 1.957565E+00
 1.643633E+01 2.094467E+00 1.656581E+01 2.022751E+00 1.647484E+01 1.846146E+00
 1.666235E+01 1.591888E+00 1.671043E+01 1.590637E+00 1.666443E+01 1.664627E+00
 1.675136E+01 1.661972E+00 1.674608E+01 1.527191E+00 1.684351E+01 1.445663E+00
 1.692320E+01 1.230301E+00 1.706355E+01 1.203415E+00 1.718993E+01 1.032425E+00
 1.728810E+01 1.013596E+00 1.726547E+01 9.666901E-01 1.719023E+01 9.978333E-01
 1.723456E+01 9.221191E-01 1.746146E+01 9.873352E-01 1.751485E+01 1.059113E+00
 1.750601E+01 1.165344E+00 1.757008E+01 1.261337E+00 1.753752E+01 1.683380E+00
 1.671576E+01 3.309982E+00
    540053         6    190106    180757         1         0
 1.417006E+01 2.913300E+00 1.426582E+01 2.890930E+00 1.429794E+01 3.093720E+00
 1.439575E+01 2.892197E+00 1.431996E+01 2.848663E+00 1.452125E+01 2.929611E+00
    540055         3    190106    190127        28         1
 1.417006E+01 2.913300E+00 1.409632E+01 3.558670E+00 1.410398E+01 4.930389E+00
    550051         2    190127    170285        47         1
 1.410398E+01 4.930389E+00 1.502351E+01 4.998856E+00
    560054         3    200121    190106        28         0
 1.374013E+01 2.787445E+00 1.381526E+01 2.876236E+00 1.417006E+01 2.913300E+00
    560057        14    200121    200142        22        28
 1.374013E+01 2.787445E+00 1.362160E+01 2.995392E+00 1.364287E+01 3.142013E+00
 1.294307E+01 3.113037E+00 1.298048E+01 3.382172E+00 1.316741E+01 3.623642E+00
 1.309452E+01 3.647186E+00 1.318738E+01 3.703369E+00 1.310800E+01 3.777023E+00
 1.314841E+01 3.773605E+00 1.314258E+01 3.828842E+00 1.309481E+01 3.823166E+00
 1.311296E+01 3.969391E+00 1.307062E+01 3.990936E+00
    570093         2    200142    360118        22         5
 1.307062E+01 3.990936E+00 1.202737E+01 3.984818E+00
    570058        11    200142    200151         5        28
 1.307062E+01 3.990936E+00 1.312138E+01 4.108993E+00 1.307386E+01 4.143692E+00
 1.310438E+01 4.189560E+00 1.305154E+01 4.192795E+00 1.304880E+01 4.307251E+00
 1.310496E+01 4.304916E+00 1.309690E+01 4.439148E+00 1.326840E+01 4.628265E+00
 1.327664E+01 4.777664E+00 1.336220E+01 4.887039E+00
    580059         7    200151    210154         5        47
 1.336220E+01 4.887039E+00 1.343601E+01 4.955856E+00 1.338559E+01 5.064560E+00
 1.348348E+01 5.130402E+00 1.346880E+01 5.218124E+00 1.356472E+01 5.305374E+00
 1.353815E+01 5.340851E+00
    580055         2    200151    190127        47        28
 1.336220E+01 4.887039E+00 1.410398E+01 4.930389E+00
    590087         5    210154    330256         5        29
 1.353815E+01 5.340851E+00 1.330276E+01 5.329468E+00 1.340220E+01 5.455872E+00
 1.336898E+01 5.550522E+00 1.181268E+01 5.512253E+00
    590060         3    210154    210157        29        47
 1.353815E+01 5.340851E+00 1.358504E+01 5.594208E+00 1.363652E+01 5.566513E+00
    600061         4    210157    220196        29        21
 1.363652E+01 5.566513E+00 1.365872E+01 5.626968E+00 1.371687E+01 5.609146E+00
 1.370295E+01 5.789368E+00
    600037         4    210157    130151        21        47
 1.363652E+01 5.566513E+00 1.410511E+01 5.596497E+00 1.409973E+01 5.669769E+00
 1.563797E+01 5.781158E+00
    610068        10    220196    250184        29        17
 1.370295E+01 5.789368E+00 1.357987E+01 5.908447E+00 1.356898E+01 6.077957E+00
 1.326353E+01 6.301224E+00 1.333538E+01 6.575943E+00 1.323553E+01 6.626648E+00
 1.314782E+01 6.602982E+00 1.311013E+01 6.756027E+00 1.286900E+01 7.007507E+00
 1.287158E+01 7.236175E+00
    610062         7    220196    220205        17        21
 1.370295E+01 5.789368E+00 1.376657E+01 5.899689E+00 1.394437E+01 5.842545E+00
 1.393594E+01 5.983887E+00 1.406625E+01 6.030273E+00 1.403406E+01 6.105179E+00
 1.407727E+01 6.165146E+00
    620066         6    220205    240166        17        18
 1.407727E+01 6.165146E+00 1.407443E+01 6.356445E+00 1.422457E+01 6.591934E+00
 1.415334E+01 6.764313E+00 1.419215E+01 6.861282E+00 1.411479E+01 7.905685E+00
    620063        14    220205    220230        18        21
 1.407727E+01 6.165146E+00 1.412388E+01 6.224930E+00 1.420743E+01 6.189102E+00
 1.421597E+01 6.248459E+00 1.439304E+01 6.187622E+00 1.448683E+01 6.283676E+00
 1.455323E+01 6.226502E+00 1.463918E+01 6.389740E+00 1.467985E+01 6.322174E+00
 1.477559E+01 6.316956E+00 1.493368E+01 6.569199E+00 1.492662E+01 6.643265E+00
 1.513130E+01 6.695892E+00 1.511389E+01 6.838837E+00
    630043         7    220230    140912        39        21
 1.511389E+01 6.838837E+00 1.523743E+01 6.854218E+00 1.532558E+01 6.738281E+00
 1.552574E+01 6.677154E+00 1.565436E+01 6.679642E+00 1.578260E+01 6.755493E+00
 1.590921E+01 6.626755E+00
    630064         2    220230    230158        18        39
 1.511389E+01 6.838837E+00 1.500433E+01 7.974167E+00
    640065         2    230158    230163        26        39
 1.500433E+01 7.974167E+00 1.543872E+01 8.039963E+00
    650067        28    230163    240169        26         0
 1.543872E+01 8.039963E+00 1.559550E+01 8.455200E+00 1.563725E+01 8.476608E+00
 1.566072E+01 8.426498E+00 1.568358E+01 8.477936E+00 1.569527E+01 8.623993E+00
 1.559637E+01 8.967117E+00 1.546679E+01 9.061234E+00 1.527733E+01 8.832367E+00
 1.518953E+01 8.867859E+00 1.518848E+01 8.983246E+00 1.533744E+01 9.169342E+00
 1.534066E+01 9.324036E+00 1.526955E+01 9.458130E+00 1.532550E+01 9.477356E+00
 1.523907E+01 9.599457E+00 1.483675E+01 9.746292E+00 1.473710E+01 9.647308E+00
 1.479222E+01 9.561432E+00 1.467155E+01 9.509247E+00 1.465255E+01 9.289627E+00
 1.463967E+01 9.381516E+00 1.460525E+01 9.293320E+00 1.462022E+01 9.471222E+00
 1.442138E+01 9.220673E+00 1.437176E+01 8.769241E+00 1.452212E+01 8.342300E+00
 1.434501E+01 7.937943E+00
    660070         3    240166    250209        17         0
 1.411479E+01 7.905685E+00 1.400617E+01 8.114609E+00 1.400333E+01 8.231628E+00
    670066         3    240169    240166        18         0
 1.434501E+01 7.937943E+00 1.421931E+01 7.866699E+00 1.411479E+01 7.905685E+00
    670064         2    240169    230158        26        18
 1.434501E+01 7.937943E+00 1.500433E+01 7.974167E+00
    680083         3    250184    310162        29        19
 1.287158E+01 7.236175E+00 1.277236E+01 7.337479E+00 1.143116E+01 7.318832E+00
    680069         9    250184    250198        19        17
 1.287158E+01 7.236175E+00 1.286640E+01 7.320358E+00 1.296735E+01 7.376831E+00
 1.301537E+01 7.500412E+00 1.297823E+01 7.694687E+00 1.316541E+01 7.759155E+00
 1.325143E+01 7.894562E+00 1.324501E+01 8.024963E+00 1.308702E+01 8.180832E+00
    690074         5    250198    270408        19        55
 1.308702E+01 8.180832E+00 1.294807E+01 8.281631E+00 1.290302E+01 8.425064E+00
 1.293958E+01 8.506454E+00 1.288214E+01 8.604889E+00
    690070         2    250198    250209        55        17
 1.308702E+01 8.180832E+00 1.400333E+01 8.231628E+00
    700072         8    250209    260158        55         0
 1.400333E+01 8.231628E+00 1.394909E+01 8.544785E+00 1.399004E+01 8.896210E+00
 1.417529E+01 9.451630E+00 1.389670E+01 9.117935E+00 1.386043E+01 9.116348E+00
 1.387568E+01 9.197693E+00 1.398424E+01 9.366379E+00
    710073         5    260143    270126        55         0
 1.307796E+01 9.945770E+00 1.292159E+01 9.957230E+00 1.294265E+01 1.010304E+01
 1.264799E+01 9.979324E+00 1.254474E+01 1.000365E+01
    720071        28    260158    260143        26         0
 1.398424E+01 9.366379E+00 1.414935E+01 9.735168E+00 1.415495E+01 9.643143E+00
 1.427712E+01 9.738693E+00 1.426668E+01 9.616577E+00 1.436520E+01 9.766876E+00
 1.453705E+01 9.792694E+00 1.459213E+01 9.850372E+00 1.483030E+01 9.773849E+00
 1.485422E+01 9.854538E+00 1.507582E+01 9.848846E+00 1.496933E+01 9.931122E+00
 1.494689E+01 1.004066E+01 1.473073E+01 1.002946E+01 1.472504E+01 1.016011E+01
 1.437333E+01 1.008159E+01 1.422613E+01 9.956970E+00 1.400823E+01 9.978241E+00
 1.385998E+01 1.013364E+01 1.372717E+01 1.009912E+01 1.375735E+01 1.015878E+01
 1.366674E+01 1.006427E+01 1.366487E+01 1.016780E+01 1.386946E+01 1.036011E+01
 1.383379E+01 1.038916E+01 1.367068E+01 1.033438E+01 1.351639E+01 1.016544E+01
 1.307796E+01 9.945770E+00
    721071         9    260158    260143        55        26
 1.398424E+01 9.366379E+00 1.393369E+01 9.399551E+00 1.394240E+01 9.486298E+00
 1.388109E+01 9.479813E+00 1.389927E+01 9.617767E+00 1.379787E+01 9.660828E+00
 1.379161E+01 9.714661E+00 1.317157E+01 9.852768E+00 1.307796E+01 9.945770E+00
    740073         9    270408    270126        27        55
 1.288214E+01 8.604889E+00 1.281948E+01 8.810257E+00 1.236799E+01 9.137787E+00
 1.240293E+01 9.432571E+00 1.232031E+01 9.512817E+00 1.237790E+01 9.632416E+00
 1.250795E+01 9.713943E+00 1.250171E+01 9.966278E+00 1.254474E+01 1.000365E+01
    730077        19    270126    280151        27         0
 1.254474E+01 1.000365E+01 1.294683E+01 1.038164E+01 1.332878E+01 1.058395E+01
 1.295369E+01 1.060735E+01 1.290648E+01 1.066983E+01 1.270772E+01 1.058290E+01
 1.255139E+01 1.070233E+01 1.246397E+01 1.064426E+01 1.242035E+01 1.073753E+01
 1.236718E+01 1.073747E+01 1.238526E+01 1.078287E+01 1.228495E+01 1.081105E+01
 1.204510E+01 1.075401E+01 1.202253E+01 1.081046E+01 1.177929E+01 1.086357E+01
 1.170135E+01 1.112497E+01 1.163634E+01 1.112572E+01 1.163492E+01 1.096469E+01
 1.102594E+01 1.097112E+01
    740075         2    270408    280130        19        27
 1.288214E+01 8.604889E+00 1.122623E+01 8.584610E+00
    750076         4    280130    280141        46        27
 1.122623E+01 8.584610E+00 1.123499E+01 9.381241E+00 1.111218E+01 9.515884E+00
 1.120192E+01 9.649536E+00
    750086         5    280130    310454        19        46
 1.122623E+01 8.584610E+00 1.117383E+01 8.570633E+00 1.122239E+01 8.421906E+00
 1.116391E+01 8.254898E+00 1.121881E+01 8.138931E+00
    760078         2    280141    290081        46        38
 1.120192E+01 9.649536E+00 8.902128E+00 9.774490E+00
    760077         2    280141    280151        38        27
 1.120192E+01 9.649536E+00 1.102594E+01 1.097112E+01
    770079         2    280151    290090        38         0
 1.102594E+01 1.097112E+01 9.024085E+00 1.108554E+01
    780079         2    290081    290090        30        38
 8.902128E+00 9.774490E+00 9.024085E+00 1.108554E+01
    790114         3    290090    470090        30         0
 9.024085E+00 1.108554E+01 7.361900E+00 1.128436E+01 5.540415E+00 1.162003E+01
    800081         2    300107    300114        56        46
 8.780183E+00 8.500290E+00 8.863239E+00 9.369659E+00
    810078         2    300114    290081        30        46
 8.863239E+00 9.369659E+00 8.902128E+00 9.774490E+00
    810115         3    300114    470106        56        30
 8.863239E+00 9.369659E+00 6.701549E+00 9.641449E+00 6.662929E+00 9.426193E+00
    860080         5    310454    300107        31        46
 1.121881E+01 8.138931E+00 1.096301E+01 8.305725E+00 1.072609E+01 8.271149E+00
 1.055483E+01 8.385635E+00 8.780183E+00 8.500290E+00
    820080         2    310125    300107        56        31
 8.699865E+00 7.629273E+00 8.780183E+00 8.500290E+00
    860083         3    310454    310162        19        31
 1.121881E+01 8.138931E+00 1.139516E+01 7.624786E+00 1.143116E+01 7.318832E+00
    830084         2    310162    310165        29        31
 1.143116E+01 7.318832E+00 1.156957E+01 7.057983E+00
    840085         2    310165    310188        20        31
 1.156957E+01 7.057983E+00 9.327571E+00 7.138657E+00
    850082         3    310188    310125         8        31
 9.327571E+00 7.138657E+00 9.356021E+00 7.572952E+00 8.699865E+00 7.629273E+00
    870090         3    330256    350159         5        40
 1.181268E+01 5.512253E+00 1.187836E+01 5.023331E+00 1.186399E+01 4.261459E+00
    870088         2    330256    330259        40        29
 1.181268E+01 5.512253E+00 1.180823E+01 5.738174E+00
    880089         2    330259    340224        40        20
 1.180823E+01 5.738174E+00 9.234489E+00 5.815994E+00
    880084         5    330259    310165        20        29
 1.180823E+01 5.738174E+00 1.182118E+01 6.678055E+00 1.164412E+01 6.846664E+00
 1.171596E+01 6.991058E+00 1.156957E+01 7.057983E+00
    890085         2    340224    310188         8        20
 9.234489E+00 5.815994E+00 9.327571E+00 7.138657E+00
    900091        20    350159    350194        48        40
 1.186399E+01 4.261459E+00 1.159381E+01 4.399826E+00 1.118631E+01 4.276794E+00
 1.108869E+01 4.371872E+00 1.100781E+01 4.343811E+00 1.098838E+01 4.398926E+00
 1.090675E+01 4.289352E+00 1.087247E+01 4.378677E+00 1.081537E+01 4.329804E+00
 1.070909E+01 4.415588E+00 1.063834E+01 4.352493E+00 1.055957E+01 4.489670E+00
 1.042419E+01 4.457626E+00 1.038325E+01 4.507828E+00 1.018331E+01 4.531143E+00
 1.011909E+01 4.642273E+00 9.996873E+00 4.613068E+00 9.890578E+00 4.698639E+00
 9.931882E+00 5.548050E+00 8.885009E+00 5.613495E+00
    910092         2    350194    350195        35        40
 8.885009E+00 5.613495E+00 8.902075E+00 5.841553E+00
    920089         2    350195    340224         8        40
 8.902075E+00 5.841553E+00 9.234489E+00 5.815994E+00
    930090         3    360118    350159        48         5
 1.202737E+01 3.984818E+00 1.202239E+01 4.221024E+00 1.186399E+01 4.261459E+00
    940093         7    370093    360118        48        22
 1.211780E+01 2.535980E+00 1.208688E+01 2.576538E+00 1.216856E+01 2.682709E+00
 1.215632E+01 2.908142E+00 1.222894E+01 3.112778E+00 1.203002E+01 3.535370E+00
 1.202737E+01 3.984818E+00
    940056        36    370093    200121        22         0
 1.211780E+01 2.535980E+00 1.238236E+01 2.569885E+00 1.271215E+01 2.471375E+00
 1.280455E+01 2.505173E+00 1.274449E+01 2.561905E+00 1.287276E+01 2.602188E+00
 1.286795E+01 2.555084E+00 1.297300E+01 2.572388E+00 1.299684E+01 2.470535E+00
 1.309489E+01 2.458816E+00 1.316690E+01 2.339386E+00 1.326618E+01 2.298798E+00
 1.333263E+01 2.309952E+00 1.336829E+01 2.394852E+00 1.342678E+01 2.342819E+00
 1.345799E+01 2.387207E+00 1.352604E+01 2.308929E+00 1.358255E+01 2.363464E+00
 1.356995E+01 2.482330E+00 1.378215E+01 2.386688E+00 1.383517E+01 2.265167E+00
 1.387857E+01 2.320419E+00 1.391542E+01 2.284668E+00 1.396248E+01 2.371384E+00
 1.376953E+01 2.447510E+00 1.372717E+01 2.533585E+00 1.388914E+01 2.678329E+00
 1.387264E+01 2.788010E+00 1.376055E+01 2.744064E+00 1.370859E+01 2.653946E+00
 1.363149E+01 2.696579E+00 1.369494E+01 2.780945E+00 1.355128E+01 2.718338E+00
 1.340582E+01 2.759811E+00 1.348779E+01 2.871078E+00 1.374013E+01 2.787445E+00
    950094        57    380494    370093        48         0
 7.408966E+00 3.682694E+00 7.966285E+00 3.078613E+00 8.081942E+00 2.644547E+00
 8.469184E+00 2.356674E+00 8.566096E+00 2.330139E+00 8.672456E+00 2.427811E+00
 8.767776E+00 2.648697E+00 8.872886E+00 2.647141E+00 8.905317E+00 2.695557E+00
 9.255874E+00 2.616669E+00 9.304490E+00 2.509964E+00 9.464164E+00 2.385330E+00
 9.643743E+00 1.940933E+00 9.911647E+00 1.636124E+00 9.935159E+00 1.391617E+00
 1.006428E+01 1.113968E+00 1.042920E+01 9.487152E-01 1.082056E+01 8.982544E-01
 1.067322E+01 1.289810E+00 1.072101E+01 1.463059E+00 1.060199E+01 1.470215E+00
 1.058644E+01 1.553345E+00 1.064456E+01 1.486786E+00 1.069427E+01 1.538422E+00
 1.067750E+01 1.487900E+00 1.071885E+01 1.492828E+00 1.078660E+01 1.651352E+00
 1.075289E+01 1.631912E+00 1.074706E+01 1.712311E+00 1.068479E+01 1.740402E+00
 1.084975E+01 1.735672E+00 1.080315E+01 1.827270E+00 1.092850E+01 1.903397E+00
 1.092806E+01 1.848114E+00 1.097605E+01 1.876709E+00 1.097837E+01 2.001312E+00
 1.102906E+01 1.929321E+00 1.112718E+01 1.982330E+00 1.106951E+01 1.995483E+00
 1.103900E+01 2.098175E+00 1.110874E+01 2.033417E+00 1.112754E+01 2.097015E+00
 1.115748E+01 2.063767E+00 1.121542E+01 2.112610E+00 1.120676E+01 2.036331E+00
 1.139073E+01 2.118866E+00 1.115338E+01 1.958160E+00 1.160383E+01 2.230331E+00
 1.161363E+01 2.312256E+00 1.171366E+01 2.365372E+00 1.167021E+01 2.536179E+00
 1.171441E+01 2.513107E+00 1.179611E+01 2.579025E+00 1.176093E+01 2.460754E+00
 1.186106E+01 2.458588E+00 1.176961E+01 2.386276E+00 1.211780E+01 2.535980E+00
    950091         4    380494    350194        35        48
 7.408966E+00 3.682694E+00 7.389458E+00 3.779312E+00 8.696919E+00 3.648315E+00
 8.885009E+00 5.613495E+00
    960097         2    390047    390055         4        35
 6.458305E+00 3.617126E+00 6.819566E+00 6.076065E+00
    960095         4    390047    380494        35         0
 6.458305E+00 3.617126E+00 6.763674E+00 3.574112E+00 6.794771E+00 3.763672E+00
 7.408966E+00 3.682694E+00
    970092         2    390055    350195         8        35
 6.819566E+00 6.076065E+00 8.902075E+00 5.841553E+00
    970098         2    390055    400106        49         8
 6.819566E+00 6.076065E+00 7.066218E+00 7.816818E+00
    980082         2    400106    310125        56         8
 7.066218E+00 7.816818E+00 8.699865E+00 7.629273E+00
    990100         7    410018    410022         6         4
 4.496377E+00 4.574066E+00 4.601290E+00 4.616318E+00 4.544587E+00 4.824051E+00
 4.647247E+00 4.947052E+00 4.670416E+00 5.074371E+00 4.843356E+00 5.191620E+00
 4.731638E+00 5.553177E+00
    990096         4    410018    390047         4         0
 4.496377E+00 4.574066E+00 4.448313E+00 4.485901E+00 5.700790E+00 3.736587E+00
 6.458305E+00 3.617126E+00
   1000101         5    410022    410024        32         4
 4.731638E+00 5.553177E+00 4.781770E+00 6.012054E+00 4.857188E+00 6.037445E+00
 4.993168E+00 5.959564E+00 5.107150E+00 6.367050E+00
   1000105         3    410022    430052         6        32
 4.731638E+00 5.553177E+00 3.311061E+00 7.677856E+00 3.641739E+00 8.962875E+00
   1010102         2    410024    420048        32        49
 5.107150E+00 6.367050E+00 5.530666E+00 8.528397E+00
   1010097         2    410024    390055        49         4
 5.107150E+00 6.367050E+00 6.819566E+00 6.076065E+00
   1020103         2    420048    420054        16        49
 5.530666E+00 8.528397E+00 6.486680E+00 8.350937E+00
   1030098         3    420054    400106        56        49
 6.486680E+00 8.350937E+00 6.415003E+00 7.918015E+00 7.066218E+00 7.816818E+00
   1040102         2    430021    420048        16        32
 4.582957E+00 8.730743E+00 5.530666E+00 8.528397E+00
   1050104         2    430052    430021        41        32
 3.641739E+00 8.962875E+00 4.582957E+00 8.730743E+00
   1060099        31    440126    410018         6         0
 2.337501E+00 9.329407E+00 2.242171E+00 8.916000E+00 2.074351E+00 8.699310E+00
 2.175125E+00 8.369629E+00 2.096176E+00 8.005905E+00 2.274073E+00 7.620819E+00
 2.219451E+00 7.528473E+00 2.253316E+00 7.551178E+00 2.366971E+00 7.409454E+00
 2.393086E+00 7.545044E+00 2.502585E+00 7.476211E+00 2.409238E+00 7.454041E+00
 2.493792E+00 7.209106E+00 2.353272E+00 7.390289E+00 2.321782E+00 7.140167E+00
 2.482843E+00 6.938736E+00 2.392074E+00 6.829712E+00 2.385008E+00 6.710526E+00
 2.629446E+00 6.250503E+00 2.611612E+00 6.149170E+00 2.674241E+00 6.105194E+00
 2.609713E+00 5.854156E+00 2.669212E+00 5.783752E+00 2.965491E+00 5.694427E+00
 3.082657E+00 5.519013E+00 3.298842E+00 5.419067E+00 3.295598E+00 5.315491E+00
 3.401424E+00 5.286575E+00 3.586185E+00 5.033035E+00 3.625144E+00 4.677673E+00
 4.496377E+00 4.574066E+00
   1060105         2    440126    430052        41         6
 2.337501E+00 9.329407E+00 3.641739E+00 8.962875E+00
   1070104         5    450047    430021        16        41
 5.000894E+00 1.042244E+01 5.102861E+00 1.022585E+01 4.752717E+00 9.762054E+00
 4.828601E+00 9.634277E+00 4.582957E+00 8.730743E+00
   1080106         6    450074    440126        41         0
 3.095761E+00 1.102063E+01 2.937032E+00 1.106430E+01 2.882065E+00 1.074893E+01
 2.563617E+00 1.002734E+01 2.337229E+00 9.714081E+00 2.337501E+00 9.329407E+00
   1080107         9    450074    450047        53        41
 3.095761E+00 1.102063E+01 3.231088E+00 1.091263E+01 3.228428E+00 1.070613E+01
 3.341145E+00 1.063872E+01 3.501528E+00 1.066461E+01 3.690351E+00 1.057156E+01
 3.916115E+00 1.054784E+01 4.391936E+00 1.056778E+01 5.000894E+00 1.042244E+01
   1090108        41    460091    450074        53         0
 5.259078E+00 1.168381E+01 3.638378E+00 1.210085E+01 3.679893E+00 1.191428E+01
 3.599323E+00 1.185773E+01 3.680673E+00 1.166350E+01 3.575686E+00 1.152538E+01
 3.568605E+00 1.139420E+01 3.365777E+00 1.130408E+01 3.327744E+00 1.138501E+01
 3.425045E+00 1.144380E+01 3.410908E+00 1.135684E+01 3.481936E+00 1.142937E+01
 3.485992E+00 1.137112E+01 3.531388E+00 1.146649E+01 3.491888E+00 1.153258E+01
 3.571275E+00 1.156921E+01 3.574365E+00 1.162833E+01 3.553018E+00 1.165755E+01
 3.550907E+00 1.160509E+01 3.348970E+00 1.147685E+01 3.423915E+00 1.146523E+01
 3.324774E+00 1.146004E+01 3.465700E+00 1.162645E+01 3.536387E+00 1.163080E+01
 3.553268E+00 1.171872E+01 3.508529E+00 1.175017E+01 3.480768E+00 1.170132E+01
 3.426179E+00 1.178838E+01 3.198712E+00 1.186720E+01 3.007499E+00 1.202048E+01
 2.967012E+00 1.185400E+01 3.012210E+00 1.173836E+01 2.994620E+00 1.139557E+01
 3.091149E+00 1.136287E+01 2.992235E+00 1.136165E+01 2.983018E+00 1.127594E+01
 3.048951E+00 1.125388E+01 2.978801E+00 1.112704E+01 2.967928E+00 1.123602E+01
 2.932269E+00 1.111009E+01 3.095761E+00 1.102063E+01
   1090107         2    460091    450047        16        53
 5.259078E+00 1.168381E+01 5.000894E+00 1.042244E+01
   1100110         6    460102    460102        53         0
 3.547175E+00 1.178171E+01 3.613018E+00 1.162210E+01 3.558495E+00 1.177971E+01
 3.622501E+00 1.181293E+01 3.592585E+00 1.184178E+01 3.547175E+00 1.178171E+01
   1130113         4    460114    460114        53         0
 3.558394E+00 1.200488E+01 3.578247E+00 1.195078E+01 3.526697E+00 1.196046E+01
 3.558394E+00 1.200488E+01
   1140109         2    470090    460091        16         0
 5.540415E+00 1.162003E+01 5.259078E+00 1.168381E+01
   1140115        20    470090    470106        30        16
 5.540415E+00 1.162003E+01 5.449154E+00 1.120427E+01 5.516844E+00 1.101898E+01
 5.485989E+00 1.094484E+01 5.592301E+00 1.084373E+01 5.704366E+00 1.057802E+01
 5.837508E+00 1.052486E+01 5.680055E+00 1.008156E+01 5.733846E+00 1.002434E+01
 5.858708E+00 1.010989E+01 5.907053E+00 1.005843E+01 5.955296E+00 9.720108E+00
 6.041799E+00 9.658127E+00 6.100391E+00 9.470657E+00 6.151690E+00 9.523941E+00
 6.243543E+00 9.480942E+00 6.302699E+00 9.525894E+00 6.535483E+00 9.472824E+00
 6.582852E+00 9.561432E+00 6.662929E+00 9.426193E+00
   1150103         2    470106    420054        56        16
 6.662929E+00 9.426193E+00 6.486680E+00 8.350937E+00
-999999999        -1-999999999-999999999-999999999-999999999
